1 0.000143
2 0.000165
3 0.000163
4 0.000276
5 0.000265
6 0.000276
7 0.000319
8 0.000321
9 0.000345
10 0.000383
20 0.00068
30 0.000841
40 0.001102
50 0.00138
60 0.001587
70 0.001858
80 0.002109
90 0.002366
100 0.002592
200 0.005012
300 0.007419
400 0.009774
500 0.012297
600 0.014703
700 0.017146
800 0.019578
900 0.022014
1000 0.024423
2000 0.048691
3000 0.072978
4000 0.103298
5000 0.121489
6000 0.14577
7000 0.16999
8000 0.194264
9000 0.218534
10000 0.248849
20000 0.499915
30000 0.728036
40000 0.977619
50000 1.21846
60000 1.46457
70000 1.71335
80000 1.94885
90000 2.19035
100000 2.43157
200000 4.86772
300000 7.30717
400000 9.73955
500000 12.1689
600000 14.6032
700000 17.0422
800000 19.4702
900000 21.8988
1000000 24.3289
2000000 48.6468
3000000 72.975
4000000 97.2885
5000000 121.619
6000000 145.93
7000000 170.268
8000000 194.57
9000000 218.887
10000000 250.473
20000000 486.419
30000000 729.617
40000000 972.83
50000000 1216.02
60000000 1459.19
70000000 1702.35
80000000 1945.55
90000000 2188.75
100000000 2431.92
