1 0.000138
2 0.000139
3 0.000179
4 0.00018
5 0.000158
6 0.000191
7 0.000192
8 0.000179
9 0.000208
10 0.000165
20 0.000221
30 0.000263
40 0.000222
50 0.000246
60 0.000395
70 0.000343
80 0.000512
90 0.000455
100 0.000488
200 0.000769
300 0.0012
400 0.001519
500 0.001844
600 0.002215
700 0.002542
800 0.002876
900 0.003216
1000 0.003554
2000 0.006924
3000 0.010369
4000 0.01376
5000 0.01705
6000 0.020433
7000 0.0238
8000 0.027188
9000 0.030591
10000 0.039922
20000 0.067667
30000 0.10142
40000 0.135182
50000 0.168937
60000 0.202673
70000 0.236493
80000 0.270175
90000 0.303957
100000 0.337699
200000 0.680331
300000 1.01929
400000 1.36522
500000 1.70083
600000 2.03238
700000 2.37035
800000 2.70784
900000 3.0533
1000000 3.3888
2000000 6.77781
3000000 10.1598
4000000 13.5426
5000000 16.9299
6000000 20.3126
7000000 23.7002
8000000 27.0749
9000000 30.6757
10000000 33.8419
20000000 67.675
30000000 101.511
40000000 135.337
50000000 169.18
60000000 203.036
70000000 236.838
80000000 270.668
90000000 304.515
100000000 338.356
