1 0.000593
2 0.001093
3 0.001552
4 0.002065
5 0.002452
6 0.003
7 0.003493
8 0.003975
9 0.004441
10 0.004848
20 0.009611
30 0.014392
40 0.019112
50 0.023904
60 0.028672
70 0.033411
80 0.038128
90 0.042918
100 0.047661
200 0.095224
300 0.142872
400 0.196477
500 0.243793
600 0.300083
700 0.339084
800 0.38066
900 0.428242
1000 0.475856
2000 0.957286
3000 1.43203
4000 1.91668
5000 2.38649
6000 2.8651
7000 3.35269
8000 3.82221
9000 4.29735
10000 4.77317
20000 9.54535
30000 14.3127
40000 19.0849
50000 23.8536
60000 28.6199
70000 33.3905
80000 38.2548
90000 42.929
100000 47.6974
200000 95.3696
300000 143.055
400000 190.742
500000 238.432
600000 286.119
700000 333.777
800000 381.468
900000 429.142
1000000 476.807
2000000 953.633
3000000 1430.43
4000000 1907.25
5000000 2384.05
6000000 2860.89
7000000 3338.79
8000000 3814.42
9000000 4291.28
10000000 4768.1
20000000 9536.06
30000000 14304.9
40000000 19072.1
50000000 23841.7
60000000 28609.9
70000000 33377.2
80000000 38146.5
90000000 42913.5
100000000 47682.5
